0 0
1442 2.56691
2884 5.11269
4326 7.6208
5768 10.14361
7210 12.60394
8652 15.1635
10094 15.84243
11536 16.57189
12978 17.30779
15862 18.80255
17304 19.50721
18746 20.28445
21630 23.61757
23072 25.26851
24514 26.92037
25956 28.58509
27398 30.28289
28840 31.05278
31724 32.46761
34608 33.93389
36050 34.66244
37492 35.31198
40376 36.74059
41818 37.49578
44702 38.90694
46144 39.61619
47586 40.30707
50470 41.69158
53354 42.96585
54796 43.57312
57680 44.86944
59122 45.50611
62006 46.86582
63448 47.54292
66332 48.84383
67774 49.4704
70658 50.76855
72100 51.4043
74984 52.71807
76426 53.36393
93730 54.3883
109592 55.35479
126896 56.43245
142758 57.39251
160062 58.49406
175924 59.43942
191786 60.3315
269654 61.25573
346080 62.21028
423948 63.23833
500374 64.22779
576800 65.20623
654668 66.19753
731094 67.20169
808962 68.18931
885388 69.18061
961814 70.20131
1058428 71.26243
1155042 72.27119
1250214 73.18991
1346828 74.22623
1442000 75.18905
1538614 76.23272
1635228 77.1983
1730400 78.28882
1827014 79.25072
1922186 80.22916
2210586 81.2177
2498986 82.22829
2787386 83.19938
3075786 84.23662
3364186 85.17555
3652586 86.16593
3940986 87.17652
4229386 88.12648
4517786 89.10676
4806186 90.10082
11537442 91.10406
13459628 92.09536
15381814 93.08942
17305442 94.10736
19227628 95.07661
21149814 96.03484
23073442 97.039
24995628 98.02662
26917814 99.05926
28840000 100